Con 16 tramos:

a1
0000000001, 
0000000011, 
0000001000, 
0000010111, 
0000111100, 
0010010010, 
0100110010, 
0111011001, 
0111011001, 
0100110010, 
0010010010, 
0000111100, 
0000010111, 
0000001000, 
0000000011, 
0000000001, 

b1
0000000010, 
0000000110, 
0000001110, 
0000100000, 
0001000101, 
0010000110, 
0011010110, 
0100000000, 
0100000000, 
0100101001, 
0101111001, 
0110111010, 
0111011111, 
0111110001, 
0111111001, 
0111111101, 

a2
000000001001, 
000000011000, 
000001000011, 
000010110001, 
000110111100, 
001111010001, 
010111110110, 
001110001100, 
110001110011, 
101000001001, 
110000101110, 
111001000011, 
111101001110, 
111110111100, 
111111100111, 
111111110110, 

b2
0000000100111, 
0000001011110, 
0000011011011, 
0000111101011, 
0001111111011, 
0011100010001, 
0100101000011, 
0100001000111, 
0100001000111, 
0100101000011, 
0011100010001, 
0001111111011, 
0000111101011, 
0000011011011, 
0000001011110, 
0000000100111, 

c2
0000001010100, 
0000010110011, 
0000101101101, 
0001010111101, 
0010011000111, 
0011100010001, 
0100000110000, 
0100000000000, 
0100000000000, 
0011111001111, 
0100011101110, 
0101100111000, 
0110101000010, 
0111010010010, 
0111101001100, 
0111110101011, 

Con 8 tramos:

a1
0000000010, 
0000001111, 
0001100111, 
0110000101, 
0110000101, 
0001100111, 
0000001111, 
0000000010, 

b1
0000000100, 
0000011001, 
0001110000, 
0100000000, 
0100000000, 
0110001111, 
0111100110, 
0111111011, 

a2
000000010000, 
000001110011, 
001010110101, 
010100110100, 
101011001011, 
110101001010, 
111110001100, 
111111101111, 

b2
0000001000001, 
0000101100001, 
0010110101111, 
0100010110001, 
0100010110001, 
0010110101111, 
0000101100001, 
0000001000001, 

c2

Con 4 tramos:

a1
0000001001, 
0011110110, 
0011110110, 
0000001001, 

b1
0000010010, 
0100000000, 
0100000000, 
0111101101, 

a2
000000110110, 
010001111001, 
101110000110, 
111111001001, 

b2
0000011001000, 
0100001010100, 
0100001010100, 
0000011001000, 

c2
0000101101101, 
0100000000000, 
0100000000000, 
0111010010010, 







