Con 16 tramos:

a1
4.882812e-04, 
1.464844e-03, 
3.906250e-03, 
1.123047e-02, 
2.929688e-02, 
7.128906e-02, 
1.494141e-01, 
2.309570e-01, 
2.309570e-01, 
1.494141e-01, 
7.128906e-02, 
2.929688e-02, 
1.123047e-02, 
3.906250e-03, 
1.464844e-03, 
4.882812e-04, 

b1
3.906250e-03, 
1.171875e-02, 
2.734375e-02, 
6.250000e-02, 
1.347656e-01, 
2.617188e-01, 
4.179688e-01, 
5.000000e-01, 
5.000000e-01, 
5.800781e-01, 
7.363281e-01, 
8.632812e-01, 
9.355469e-01, 
9.707031e-01, 
9.863281e-01, 
9.941406e-01, 


a2
2.746582e-04, 
7.324219e-04, 
2.044678e-03, 
5.401611e-03, 
1.354980e-02, 
2.981567e-02, 
4.656982e-02, 
2.770996e-02, 
-2.774048e-02, 
-4.660034e-02, 
-2.984619e-02, 
-1.358032e-02, 
-5.432129e-03, 
-2.075195e-03, 
-7.629395e-04, 
-3.051758e-04, 

b2
4.760742e-03, 
1.147461e-02, 
2.673340e-02, 
5.993652e-02, 
1.243896e-01, 
2.208252e-01, 
2.894287e-01, 
2.586670e-01, 
2.586670e-01, 
2.894287e-01, 
2.208252e-01, 
1.243896e-01, 
5.993652e-02, 
2.673340e-02, 
1.147461e-02, 
4.760742e-03, 

c2
2.050781e-02, 
4.370117e-02, 
8.911133e-02, 
1.711426e-01, 
2.985840e-01, 
4.416504e-01, 
5.117188e-01, 
5.000000e-01, 
5.000000e-01, 
4.880371e-01, 
5.581055e-01, 
7.011719e-01, 
8.286133e-01, 
9.106445e-01, 
9.560547e-01, 
9.792480e-01, 

Con 8 tramos:

a1
9.765625e-04, 
7.324219e-03, 
5.029297e-02, 
1.899414e-01, 
1.899414e-01, 
5.029297e-02, 
7.324219e-03, 
9.765625e-04, 

b1
7.812500e-03, 
4.882812e-02, 
2.187500e-01, 
5.000000e-01, 
5.000000e-01, 
7.792969e-01, 
9.492188e-01, 
9.902344e-01, 

a2
4.882812e-04, 
3.509521e-03, 
2.114868e-02, 
4.064941e-02, 
-4.067993e-02, 
-2.117920e-02, 
-3.540039e-03, 
-5.187988e-04, 

b2
7.934570e-03, 
4.309082e-02, 
1.776123e-01, 
2.716064e-01, 
2.716064e-01, 
1.776123e-01, 
4.309082e-02, 
7.934570e-03, 

c2
3.247070e-02, 
1.337891e-01, 
3.896484e-01, 
5.000000e-01, 
5.000000e-01, 
6.101074e-01, 
8.659668e-01, 
9.672852e-01, 


Con 4 tramos:

a1
4.394531e-03, 
1.201172e-01, 
1.201172e-01, 
4.394531e-03, 

b1
3.515625e-02, 
5.000000e-01, 
5.000000e-01, 
9.628906e-01, 

a2
1.647949e-03, 
3.494263e-02, 
-3.497314e-02, 
-1.678467e-03, 

b2
2.441406e-02, 
2.602539e-01, 
2.602539e-01, 
2.441406e-02, 

c2
8.911133e-02, 
5.000000e-01, 
5.000000e-01, 
9.106445e-01, 

