9.765625e-04
1.220703e-03
1.953125e-03
2.685547e-03
0.000000e+00
4.882812e-04
7.324219e-04
7.324219e-04
4.150391e-03
4.638672e-03
5.615234e-03
5.615234e-03
7.568359e-03
9.765625e-03
1.171875e-02
1.513672e-02
1.831055e-02
2.368164e-02
3.002930e-02
3.808594e-02
4.833984e-02
6.030273e-02
7.666016e-02
9.594727e-02
1.196289e-01
1.479492e-01
1.826172e-01
2.226562e-01
2.692871e-01
3.215332e-01
3.774414e-01
4.370117e-01
5.000000e-01
5.625000e-01
6.220703e-01
6.779785e-01
7.307129e-01
7.766113e-01
8.166504e-01
8.508301e-01
8.798828e-01
9.030762e-01
9.230957e-01
9.387207e-01
9.516602e-01
9.611816e-01
9.692383e-01
9.755859e-01
9.809570e-01
9.841309e-01
9.865723e-01
9.895020e-01
9.912109e-01
9.924316e-01
9.936523e-01
9.946289e-01
9.970703e-01
9.970703e-01
9.970703e-01
9.970703e-01
9.963379e-01
9.948730e-01
9.956055e-01
9.960938e-01
