0.000000e+00
0.000000e+00
0.000000e+00
0.000000e+00
0.000000e+00
0.000000e+00
0.000000e+00
0.000000e+00
0.000000e+00
0.000000e+00
0.000000e+00
0.000000e+00
0.000000e+00
0.000000e+00
0.000000e+00
0.000000e+00
0.000000e+00
0.000000e+00
0.000000e+00
0.000000e+00
0.000000e+00
0.000000e+00
3.906250e-03
3.906250e-03
7.812500e-03
7.812500e-03
7.812500e-03
7.812500e-03
7.812500e-03
7.812500e-03
1.171875e-02
1.171875e-02
1.562500e-02
1.171875e-02
1.171875e-02
1.562500e-02
1.562500e-02
1.562500e-02
1.562500e-02
1.562500e-02
1.953125e-02
1.953125e-02
1.953125e-02
0.000000e+00
0.000000e+00
0.000000e+00
3.906250e-03
3.906250e-03
7.812500e-03
3.906250e-03
3.906250e-03
7.812500e-03
7.812500e-03
7.812500e-03
1.171875e-02
1.171875e-02
1.562500e-02
1.171875e-02
1.171875e-02
1.562500e-02
1.562500e-02
1.562500e-02
1.953125e-02
1.953125e-02
3.125000e-02
1.953125e-02
2.734375e-02
1.953125e-02
2.734375e-02
1.953125e-02
2.734375e-02
2.343750e-02
3.515625e-02
2.734375e-02
2.343750e-02
3.125000e-02
2.734375e-02
3.515625e-02
3.125000e-02
3.906250e-02
4.296875e-02
5.078125e-02
4.687500e-02
4.687500e-02
5.468750e-02
5.468750e-02
6.640625e-02
6.250000e-02
7.812500e-02
7.812500e-02
8.984375e-02
8.984375e-02
9.375000e-02
1.015625e-01
1.054688e-01
1.171875e-01
1.250000e-01
1.328125e-01
1.367188e-01
1.484375e-01
1.562500e-01
1.601562e-01
1.718750e-01
1.757812e-01
1.953125e-01
1.992188e-01
2.109375e-01
2.187500e-01
2.343750e-01
2.421875e-01
2.500000e-01
2.617188e-01
2.773438e-01
2.890625e-01
3.007812e-01
3.125000e-01
3.242188e-01
3.359375e-01
3.476562e-01
3.593750e-01
3.789062e-01
3.906250e-01
4.062500e-01
4.179688e-01
4.335938e-01
4.492188e-01
4.648438e-01
4.804688e-01
5.000000e-01
5.117188e-01
5.273438e-01
5.429688e-01
5.585938e-01
5.742188e-01
5.859375e-01
6.015625e-01
6.171875e-01
6.289062e-01
6.445312e-01
6.562500e-01
6.679688e-01
6.796875e-01
6.953125e-01
7.031250e-01
7.226562e-01
7.304688e-01
7.382812e-01
7.500000e-01
7.617188e-01
7.734375e-01
7.812500e-01
7.929688e-01
8.046875e-01
8.085938e-01
8.203125e-01
8.281250e-01
8.398438e-01
8.437500e-01
8.554688e-01
8.593750e-01
8.750000e-01
8.750000e-01
8.789062e-01
8.906250e-01
8.906250e-01
9.023438e-01
9.023438e-01
9.140625e-01
9.179688e-01
9.179688e-01
9.296875e-01
9.257812e-01
9.375000e-01
9.335938e-01
9.453125e-01
9.414062e-01
9.570312e-01
9.531250e-01
9.492188e-01
9.570312e-01
9.531250e-01
9.609375e-01
9.570312e-01
9.648438e-01
9.648438e-01
9.570312e-01
9.648438e-01
9.570312e-01
9.648438e-01
9.570312e-01
9.648438e-01
9.570312e-01
9.726562e-01
9.531250e-01
9.531250e-01
9.570312e-01
9.570312e-01
9.570312e-01
9.570312e-01
9.570312e-01
9.609375e-01
9.609375e-01
9.609375e-01
9.609375e-01
9.609375e-01
9.609375e-01
9.648438e-01
9.648438e-01
9.687500e-01
9.648438e-01
9.648438e-01
9.687500e-01
9.687500e-01
9.687500e-01
9.687500e-01
9.687500e-01
9.726562e-01
9.726562e-01
9.726562e-01
9.726562e-01
9.726562e-01
9.726562e-01
9.765625e-01
9.765625e-01
9.804688e-01
9.531250e-01
9.531250e-01
9.570312e-01
9.570312e-01
9.531250e-01
9.570312e-01
9.570312e-01
9.609375e-01
9.570312e-01
9.570312e-01
9.609375e-01
9.609375e-01
9.570312e-01
9.609375e-01
9.609375e-01
9.648438e-01
9.609375e-01
9.609375e-01
9.648438e-01
9.648438e-01
9.609375e-01
9.648438e-01
9.648438e-01
9.687500e-01
9.648438e-01
9.648438e-01
9.687500e-01
9.687500e-01
9.648438e-01
9.687500e-01
9.687500e-01
