9.765625e-04
7.324219e-04
7.324219e-04
7.324219e-04
7.324219e-04
7.324219e-04
7.324219e-04
7.324219e-04
7.324219e-04
7.324219e-04
7.324219e-04
7.324219e-04
7.324219e-04
7.324219e-04
9.765625e-04
9.765625e-04
9.765625e-04
9.765625e-04
9.765625e-04
9.765625e-04
9.765625e-04
9.765625e-04
9.765625e-04
9.765625e-04
9.765625e-04
9.765625e-04
9.765625e-04
1.220703e-03
1.220703e-03
9.765625e-04
9.765625e-04
9.765625e-04
9.765625e-04
9.765625e-04
9.765625e-04
9.765625e-04
9.765625e-04
9.765625e-04
9.765625e-04
9.765625e-04
9.765625e-04
1.220703e-03
1.220703e-03
1.220703e-03
1.220703e-03
1.220703e-03
1.220703e-03
1.220703e-03
1.220703e-03
1.220703e-03
1.220703e-03
1.220703e-03
1.220703e-03
1.220703e-03
1.464844e-03
1.464844e-03
1.464844e-03
1.220703e-03
1.220703e-03
1.220703e-03
1.220703e-03
1.220703e-03
1.220703e-03
1.220703e-03
1.220703e-03
1.220703e-03
1.220703e-03
1.220703e-03
1.464844e-03
1.464844e-03
1.464844e-03
1.464844e-03
1.464844e-03
1.464844e-03
1.464844e-03
1.464844e-03
1.464844e-03
1.464844e-03
1.464844e-03
1.464844e-03
1.464844e-03
1.708984e-03
1.708984e-03
1.708984e-03
1.708984e-03
1.708984e-03
1.464844e-03
1.464844e-03
1.464844e-03
1.464844e-03
1.464844e-03
1.464844e-03
1.464844e-03
1.464844e-03
1.464844e-03
1.708984e-03
1.708984e-03
1.708984e-03
1.708984e-03
1.708984e-03
1.708984e-03
1.708984e-03
1.708984e-03
1.708984e-03
1.708984e-03
1.708984e-03
1.708984e-03
1.708984e-03
1.953125e-03
1.953125e-03
1.953125e-03
1.953125e-03
1.953125e-03
1.953125e-03
1.708984e-03
1.708984e-03
1.708984e-03
1.708984e-03
1.708984e-03
1.708984e-03
1.708984e-03
1.708984e-03
1.953125e-03
1.953125e-03
1.953125e-03
1.953125e-03
1.953125e-03
1.953125e-03
1.953125e-03
1.953125e-03
1.953125e-03
1.953125e-03
1.953125e-03
1.953125e-03
1.953125e-03
2.197266e-03
2.197266e-03
2.197266e-03
2.197266e-03
2.197266e-03
2.197266e-03
2.197266e-03
2.197266e-03
1.953125e-03
1.953125e-03
1.953125e-03
1.953125e-03
1.953125e-03
1.953125e-03
2.197266e-03
2.197266e-03
2.197266e-03
2.197266e-03
2.197266e-03
2.197266e-03
2.197266e-03
2.197266e-03
2.197266e-03
2.197266e-03
2.197266e-03
2.197266e-03
2.197266e-03
2.441406e-03
2.441406e-03
2.441406e-03
2.441406e-03
2.441406e-03
2.441406e-03
2.441406e-03
2.441406e-03
2.441406e-03
2.197266e-03
2.197266e-03
2.197266e-03
2.197266e-03
2.197266e-03
2.441406e-03
2.441406e-03
2.441406e-03
2.441406e-03
2.441406e-03
2.441406e-03
2.441406e-03
2.441406e-03
2.441406e-03
2.441406e-03
2.441406e-03
2.441406e-03
2.441406e-03
2.685547e-03
2.685547e-03
2.685547e-03
2.685547e-03
2.685547e-03
2.685547e-03
2.685547e-03
2.685547e-03
2.685547e-03
2.685547e-03
2.685547e-03
2.441406e-03
2.441406e-03
2.441406e-03
2.685547e-03
2.685547e-03
2.685547e-03
2.685547e-03
2.685547e-03
2.685547e-03
2.685547e-03
2.685547e-03
2.685547e-03
2.685547e-03
2.685547e-03
2.685547e-03
2.685547e-03
2.929688e-03
2.929688e-03
2.929688e-03
2.929688e-03
2.929688e-03
2.929688e-03
2.929688e-03
2.929688e-03
2.929688e-03
2.929688e-03
2.929688e-03
2.929688e-03
9.765625e-04
9.765625e-04
1.220703e-03
1.220703e-03
1.220703e-03
1.220703e-03
1.220703e-03
1.220703e-03
1.220703e-03
1.220703e-03
1.220703e-03
1.220703e-03
1.220703e-03
1.220703e-03
1.220703e-03
1.464844e-03
1.464844e-03
1.464844e-03
1.464844e-03
1.464844e-03
1.464844e-03
1.464844e-03
1.464844e-03
1.464844e-03
1.464844e-03
1.464844e-03
1.464844e-03
1.464844e-03
0.000000e+00
0.000000e+00
0.000000e+00
0.000000e+00
0.000000e+00
0.000000e+00
0.000000e+00
0.000000e+00
0.000000e+00
0.000000e+00
0.000000e+00
0.000000e+00
0.000000e+00
0.000000e+00
0.000000e+00
0.000000e+00
0.000000e+00
0.000000e+00
0.000000e+00
0.000000e+00
0.000000e+00
0.000000e+00
0.000000e+00
0.000000e+00
0.000000e+00
0.000000e+00
0.000000e+00
0.000000e+00
0.000000e+00
0.000000e+00
0.000000e+00
0.000000e+00
0.000000e+00
0.000000e+00
0.000000e+00
0.000000e+00
0.000000e+00
0.000000e+00
0.000000e+00
0.000000e+00
0.000000e+00
0.000000e+00
0.000000e+00
0.000000e+00
2.441406e-04
2.441406e-04
2.441406e-04
2.441406e-04
2.441406e-04
0.000000e+00
2.441406e-04
2.441406e-04
2.441406e-04
2.441406e-04
2.441406e-04
4.882812e-04
4.882812e-04
4.882812e-04
4.882812e-04
4.882812e-04
7.324219e-04
4.882812e-04
4.882812e-04
4.882812e-04
4.882812e-04
4.882812e-04
7.324219e-04
7.324219e-04
7.324219e-04
7.324219e-04
7.324219e-04
9.765625e-04
9.765625e-04
9.765625e-04
7.324219e-04
7.324219e-04
7.324219e-04
9.765625e-04
9.765625e-04
9.765625e-04
9.765625e-04
9.765625e-04
1.220703e-03
1.220703e-03
1.220703e-03
1.220703e-03
0.000000e+00
0.000000e+00
0.000000e+00
0.000000e+00
0.000000e+00
0.000000e+00
0.000000e+00
0.000000e+00
0.000000e+00
0.000000e+00
0.000000e+00
0.000000e+00
0.000000e+00
0.000000e+00
0.000000e+00
0.000000e+00
0.000000e+00
0.000000e+00
0.000000e+00
0.000000e+00
0.000000e+00
0.000000e+00
0.000000e+00
2.441406e-04
2.441406e-04
2.441406e-04
2.441406e-04
2.441406e-04
2.441406e-04
4.882812e-04
2.441406e-04
2.441406e-04
2.441406e-04
2.441406e-04
4.882812e-04
4.882812e-04
4.882812e-04
4.882812e-04
4.882812e-04
4.882812e-04
7.324219e-04
7.324219e-04
7.324219e-04
4.882812e-04
4.882812e-04
7.324219e-04
7.324219e-04
7.324219e-04
7.324219e-04
7.324219e-04
7.324219e-04
9.765625e-04
9.765625e-04
9.765625e-04
9.765625e-04
7.324219e-04
9.765625e-04
9.765625e-04
9.765625e-04
9.765625e-04
9.765625e-04
9.765625e-04
1.220703e-03
1.220703e-03
1.220703e-03
1.220703e-03
1.220703e-03
1.464844e-03
1.220703e-03
1.220703e-03
1.220703e-03
1.220703e-03
1.464844e-03
1.464844e-03
1.464844e-03
1.464844e-03
1.464844e-03
1.464844e-03
1.708984e-03
1.708984e-03
1.708984e-03
1.464844e-03
1.464844e-03
1.708984e-03
1.708984e-03
2.441406e-04
2.441406e-04
2.441406e-04
2.441406e-04
4.882812e-04
2.441406e-04
2.441406e-04
2.441406e-04
2.441406e-04
4.882812e-04
4.882812e-04
4.882812e-04
4.882812e-04
4.882812e-04
4.882812e-04
7.324219e-04
7.324219e-04
7.324219e-04
4.882812e-04
4.882812e-04
7.324219e-04
7.324219e-04
7.324219e-04
7.324219e-04
7.324219e-04
7.324219e-04
9.765625e-04
9.765625e-04
9.765625e-04
9.765625e-04
9.765625e-04
1.220703e-03
9.765625e-04
9.765625e-04
9.765625e-04
9.765625e-04
1.220703e-03
1.220703e-03
1.220703e-03
1.220703e-03
1.220703e-03
1.220703e-03
1.464844e-03
1.464844e-03
1.464844e-03
1.220703e-03
1.220703e-03
1.464844e-03
1.464844e-03
1.464844e-03
1.464844e-03
1.464844e-03
1.464844e-03
1.708984e-03
1.708984e-03
1.708984e-03
1.708984e-03
1.708984e-03
1.953125e-03
1.708984e-03
1.708984e-03
1.708984e-03
1.708984e-03
1.708984e-03
1.953125e-03
1.953125e-03
1.953125e-03
1.953125e-03
1.953125e-03
2.197266e-03
2.197266e-03
2.197266e-03
1.953125e-03
1.953125e-03
1.953125e-03
2.197266e-03
2.197266e-03
2.197266e-03
2.197266e-03
2.197266e-03
2.441406e-03
2.441406e-03
2.441406e-03
2.441406e-03
2.441406e-03
4.150391e-03
3.906250e-03
3.906250e-03
4.150391e-03
4.150391e-03
4.394531e-03
4.150391e-03
4.150391e-03
2.929688e-03
2.929688e-03
3.173828e-03
2.929688e-03
3.173828e-03
3.173828e-03
3.173828e-03
3.417969e-03
3.173828e-03
3.417969e-03
3.417969e-03
3.662109e-03
3.662109e-03
3.417969e-03
3.662109e-03
3.662109e-03
3.906250e-03
3.906250e-03
3.906250e-03
3.906250e-03
3.906250e-03
4.150391e-03
4.150391e-03
4.150391e-03
4.150391e-03
4.394531e-03
4.394531e-03
4.394531e-03
4.394531e-03
4.394531e-03
4.638672e-03
3.173828e-03
3.417969e-03
3.417969e-03
3.173828e-03
3.417969e-03
3.417969e-03
3.662109e-03
3.662109e-03
3.906250e-03
3.662109e-03
3.662109e-03
3.906250e-03
3.906250e-03
4.150391e-03
3.906250e-03
3.906250e-03
4.150391e-03
4.150391e-03
4.394531e-03
4.150391e-03
4.394531e-03
4.394531e-03
4.394531e-03
4.638672e-03
4.394531e-03
4.638672e-03
4.638672e-03
4.882812e-03
4.882812e-03
4.638672e-03
3.662109e-03
3.417969e-03
3.662109e-03
3.662109e-03
3.906250e-03
3.906250e-03
3.662109e-03
3.906250e-03
3.906250e-03
4.150391e-03
4.150391e-03
4.394531e-03
4.150391e-03
4.150391e-03
4.394531e-03
4.394531e-03
4.638672e-03
4.394531e-03
4.638672e-03
4.638672e-03
4.638672e-03
4.882812e-03
4.638672e-03
4.882812e-03
4.882812e-03
5.126953e-03
5.126953e-03
5.126953e-03
5.126953e-03
5.126953e-03
5.371094e-03
3.906250e-03
4.150391e-03
4.150391e-03
4.150391e-03
4.150391e-03
4.150391e-03
4.394531e-03
4.394531e-03
4.394531e-03
4.394531e-03
4.394531e-03
4.638672e-03
4.638672e-03
4.882812e-03
4.882812e-03
4.638672e-03
4.882812e-03
4.882812e-03
5.126953e-03
5.126953e-03
5.126953e-03
5.126953e-03
5.126953e-03
5.371094e-03
5.371094e-03
5.615234e-03
5.371094e-03
5.615234e-03
5.615234e-03
5.615234e-03
4.394531e-03
4.394531e-03
4.638672e-03
4.638672e-03
4.638672e-03
4.638672e-03
4.638672e-03
4.882812e-03
4.882812e-03
5.126953e-03
4.882812e-03
5.126953e-03
5.126953e-03
5.126953e-03
5.371094e-03
5.126953e-03
5.371094e-03
5.371094e-03
5.615234e-03
5.615234e-03
5.615234e-03
5.615234e-03
5.615234e-03
5.859375e-03
5.859375e-03
5.859375e-03
5.859375e-03
5.859375e-03
6.103516e-03
6.103516e-03
6.347656e-03
4.882812e-03
4.882812e-03
5.126953e-03
5.126953e-03
5.126953e-03
5.126953e-03
5.371094e-03
5.371094e-03
5.371094e-03
5.615234e-03
5.371094e-03
5.615234e-03
5.615234e-03
5.859375e-03
5.859375e-03
5.859375e-03
5.859375e-03
5.859375e-03
6.103516e-03
6.103516e-03
6.347656e-03
6.347656e-03
6.103516e-03
6.347656e-03
6.347656e-03
6.591797e-03
6.591797e-03
6.591797e-03
6.591797e-03
6.591797e-03
6.835938e-03
5.615234e-03
5.615234e-03
5.615234e-03
5.859375e-03
5.859375e-03
5.859375e-03
5.859375e-03
5.859375e-03
6.103516e-03
6.103516e-03
6.347656e-03
6.347656e-03
6.103516e-03
6.347656e-03
6.347656e-03
6.591797e-03
6.591797e-03
6.591797e-03
6.591797e-03
6.591797e-03
6.835938e-03
6.835938e-03
7.080078e-03
7.080078e-03
6.835938e-03
7.080078e-03
7.080078e-03
7.324219e-03
7.324219e-03
7.568359e-03
6.103516e-03
6.103516e-03
6.347656e-03
6.347656e-03
6.591797e-03
6.347656e-03
6.591797e-03
6.591797e-03
6.591797e-03
6.835938e-03
6.835938e-03
6.835938e-03
6.835938e-03
7.080078e-03
7.080078e-03
7.080078e-03
7.324219e-03
7.080078e-03
7.324219e-03
7.324219e-03
7.568359e-03
7.568359e-03
7.568359e-03
7.568359e-03
7.568359e-03
7.812500e-03
7.812500e-03
8.056641e-03
8.056641e-03
7.812500e-03
8.056641e-03
6.835938e-03
7.080078e-03
7.080078e-03
7.568359e-03
7.324219e-03
7.568359e-03
7.568359e-03
7.812500e-03
7.812500e-03
8.056641e-03
8.056641e-03
7.080078e-03
7.324219e-03
7.324219e-03
7.568359e-03
7.568359e-03
7.812500e-03
7.812500e-03
8.056641e-03
8.300781e-03
8.300781e-03
8.544922e-03
7.324219e-03
7.568359e-03
7.812500e-03
7.812500e-03
8.056641e-03
7.812500e-03
8.056641e-03
8.056641e-03
8.300781e-03
8.544922e-03
8.544922e-03
8.789062e-03
7.568359e-03
7.812500e-03
8.056641e-03
8.056641e-03
8.300781e-03
8.300781e-03
8.544922e-03
8.544922e-03
8.789062e-03
9.033203e-03
9.033203e-03
8.056641e-03
8.300781e-03
8.300781e-03
8.544922e-03
8.544922e-03
8.544922e-03
8.544922e-03
8.789062e-03
9.033203e-03
9.033203e-03
9.277344e-03
9.277344e-03
8.300781e-03
8.544922e-03
8.544922e-03
8.789062e-03
8.789062e-03
9.033203e-03
9.277344e-03
9.277344e-03
9.521484e-03
9.521484e-03
9.765625e-03
1.000977e-02
8.789062e-03
9.033203e-03
9.277344e-03
9.277344e-03
9.277344e-03
9.277344e-03
9.521484e-03
9.765625e-03
9.765625e-03
1.000977e-02
1.000977e-02
9.033203e-03
9.277344e-03
9.277344e-03
9.521484e-03
9.765625e-03
9.765625e-03
1.000977e-02
1.000977e-02
1.025391e-02
1.049805e-02
1.049805e-02
1.074219e-02
9.765625e-03
9.765625e-03
1.000977e-02
1.000977e-02
1.025391e-02
1.025391e-02
1.025391e-02
1.049805e-02
1.049805e-02
1.074219e-02
1.098633e-02
1.000977e-02
1.000977e-02
1.025391e-02
1.025391e-02
1.049805e-02
1.074219e-02
1.074219e-02
1.098633e-02
1.098633e-02
1.123047e-02
1.147461e-02
1.147461e-02
1.049805e-02
1.074219e-02
1.098633e-02
1.098633e-02
1.123047e-02
1.098633e-02
1.123047e-02
1.147461e-02
1.147461e-02
1.171875e-02
1.171875e-02
1.074219e-02
1.098633e-02
1.123047e-02
1.123047e-02
1.147461e-02
1.171875e-02
1.171875e-02
1.196289e-02
1.196289e-02
1.220703e-02
1.245117e-02
1.245117e-02
1.147461e-02
1.171875e-02
1.196289e-02
1.196289e-02
1.220703e-02
1.196289e-02
1.220703e-02
1.245117e-02
1.245117e-02
1.269531e-02
1.269531e-02
1.293945e-02
1.196289e-02
1.220703e-02
1.220703e-02
1.245117e-02
1.269531e-02
1.269531e-02
1.293945e-02
1.318359e-02
1.318359e-02
1.342773e-02
1.342773e-02
1.269531e-02
1.269531e-02
1.293945e-02
1.293945e-02
1.318359e-02
1.318359e-02
1.318359e-02
1.342773e-02
1.367188e-02
1.367188e-02
1.391602e-02
1.391602e-02
1.318359e-02
1.318359e-02
1.342773e-02
1.367188e-02
1.367188e-02
1.391602e-02
1.416016e-02
1.416016e-02
1.440430e-02
1.440430e-02
1.464844e-02
1.367188e-02
1.391602e-02
1.416016e-02
1.416016e-02
1.440430e-02
1.440430e-02
1.440430e-02
1.464844e-02
1.464844e-02
1.489258e-02
1.513672e-02
1.513672e-02
1.440430e-02
1.440430e-02
1.464844e-02
1.489258e-02
1.489258e-02
1.513672e-02
1.513672e-02
1.538086e-02
1.562500e-02
1.562500e-02
1.586914e-02
1.489258e-02
1.513672e-02
1.538086e-02
1.538086e-02
1.562500e-02
1.586914e-02
1.562500e-02
1.586914e-02
1.586914e-02
1.611328e-02
1.635742e-02
1.635742e-02
1.562500e-02
1.586914e-02
1.586914e-02
1.611328e-02
1.611328e-02
1.635742e-02
1.660156e-02
1.660156e-02
1.684570e-02
1.708984e-02
1.708984e-02
1.733398e-02
1.635742e-02
1.660156e-02
1.684570e-02
1.684570e-02
1.708984e-02
1.708984e-02
1.708984e-02
1.733398e-02
1.757812e-02
1.757812e-02
1.782227e-02
1.684570e-02
1.708984e-02
1.733398e-02
1.733398e-02
1.757812e-02
1.782227e-02
1.782227e-02
1.806641e-02
1.831055e-02
1.831055e-02
1.855469e-02
1.879883e-02
1.782227e-02
1.806641e-02
1.831055e-02
1.831055e-02
1.855469e-02
1.831055e-02
1.831055e-02
1.855469e-02
1.879883e-02
1.904297e-02
1.831055e-02
1.855469e-02
1.879883e-02
1.928711e-02
1.953125e-02
1.879883e-02
1.904297e-02
1.928711e-02
1.953125e-02
1.904297e-02
1.928711e-02
1.953125e-02
1.977539e-02
2.001953e-02
1.928711e-02
1.953125e-02
2.001953e-02
2.026367e-02
2.050781e-02
1.977539e-02
2.001953e-02
2.026367e-02
2.075195e-02
2.001953e-02
2.026367e-02
2.050781e-02
2.075195e-02
2.124023e-02
2.050781e-02
2.075195e-02
2.099609e-02
2.124023e-02
2.075195e-02
2.099609e-02
2.124023e-02
2.148438e-02
2.172852e-02
2.124023e-02
2.148438e-02
2.172852e-02
2.197266e-02
2.221680e-02
2.172852e-02
2.197266e-02
2.221680e-02
2.246094e-02
2.172852e-02
2.221680e-02
2.246094e-02
2.270508e-02
2.294922e-02
2.246094e-02
2.270508e-02
2.294922e-02
2.319336e-02
2.270508e-02
2.294922e-02
2.319336e-02
2.343750e-02
2.368164e-02
2.319336e-02
2.343750e-02
2.368164e-02
2.392578e-02
2.416992e-02
2.368164e-02
2.392578e-02
2.416992e-02
2.441406e-02
2.392578e-02
2.416992e-02
2.441406e-02
2.490234e-02
2.514648e-02
2.441406e-02
2.465820e-02
2.514648e-02
2.539062e-02
2.563477e-02
2.514648e-02
2.539062e-02
2.539062e-02
2.563477e-02
2.514648e-02
2.539062e-02
2.563477e-02
2.587891e-02
2.636719e-02
2.563477e-02
2.587891e-02
2.636719e-02
2.661133e-02
2.587891e-02
2.636719e-02
2.661133e-02
2.685547e-02
2.709961e-02
2.661133e-02
2.685547e-02
2.709961e-02
2.734375e-02
2.783203e-02
2.709961e-02
2.758789e-02
2.783203e-02
2.807617e-02
2.758789e-02
2.783203e-02
2.807617e-02
2.832031e-02
2.880859e-02
2.807617e-02
2.832031e-02
2.880859e-02
2.905273e-02
2.856445e-02
2.880859e-02
2.905273e-02
2.929688e-02
2.978516e-02
2.905273e-02
2.954102e-02
2.978516e-02
3.002930e-02
3.027344e-02
2.978516e-02
3.002930e-02
3.027344e-02
3.076172e-02
3.002930e-02
3.051758e-02
3.076172e-02
3.100586e-02
3.125000e-02
3.076172e-02
3.125000e-02
3.149414e-02
3.173828e-02
3.125000e-02
3.149414e-02
3.173828e-02
3.222656e-02
3.247070e-02
3.198242e-02
3.222656e-02
3.247070e-02
3.271484e-02
3.320312e-02
3.271484e-02
3.295898e-02
3.320312e-02
3.344727e-02
3.295898e-02
3.320312e-02
3.369141e-02
3.393555e-02
3.417969e-02
3.369141e-02
3.393555e-02
3.442383e-02
3.466797e-02
3.491211e-02
3.442383e-02
3.466797e-02
3.515625e-02
3.540039e-02
3.466797e-02
3.491211e-02
3.515625e-02
3.564453e-02
3.588867e-02
3.540039e-02
3.564453e-02
3.613281e-02
3.637695e-02
3.588867e-02
3.613281e-02
3.637695e-02
3.686523e-02
3.710938e-02
3.662109e-02
3.686523e-02
3.735352e-02
3.759766e-02
3.784180e-02
3.735352e-02
3.759766e-02
3.808594e-02
3.833008e-02
3.784180e-02
3.808594e-02
3.857422e-02
3.881836e-02
3.906250e-02
3.857422e-02
3.906250e-02
3.930664e-02
3.955078e-02
3.906250e-02
3.955078e-02
3.979492e-02
4.003906e-02
4.052734e-02
4.003906e-02
4.028320e-02
4.052734e-02
4.101562e-02
4.125977e-02
4.077148e-02
4.101562e-02
4.150391e-02
4.174805e-02
4.125977e-02
4.150391e-02
4.199219e-02
4.223633e-02
4.248047e-02
4.223633e-02
4.248047e-02
4.272461e-02
4.321289e-02
4.345703e-02
4.296875e-02
4.321289e-02
4.370117e-02
4.394531e-02
4.345703e-02
4.394531e-02
4.418945e-02
4.443359e-02
4.492188e-02
4.443359e-02
4.467773e-02
4.516602e-02
4.541016e-02
4.492188e-02
4.516602e-02
4.565430e-02
4.589844e-02
4.614258e-02
4.589844e-02
4.614258e-02
4.638672e-02
4.687500e-02
4.711914e-02
4.663086e-02
4.711914e-02
4.736328e-02
4.760742e-02
4.736328e-02
4.760742e-02
4.833984e-02
4.785156e-02
4.858398e-02
4.809570e-02
4.882812e-02
4.833984e-02
4.907227e-02
4.956055e-02
4.931641e-02
4.980469e-02
4.956055e-02
5.004883e-02
5.004883e-02
5.029297e-02
5.029297e-02
5.053711e-02
5.053711e-02
5.126953e-02
5.078125e-02
5.151367e-02
5.126953e-02
5.175781e-02
5.151367e-02
5.224609e-02
5.175781e-02
5.249023e-02
5.224609e-02
5.273438e-02
5.322266e-02
5.322266e-02
5.346680e-02
5.346680e-02
5.419922e-02
5.371094e-02
5.444336e-02
5.419922e-02
5.468750e-02
5.444336e-02
5.517578e-02
5.468750e-02
5.541992e-02
5.517578e-02
5.590820e-02
5.541992e-02
5.615234e-02
5.590820e-02
5.664062e-02
5.615234e-02
5.688477e-02
5.688477e-02
5.737305e-02
5.786133e-02
5.761719e-02
5.834961e-02
5.810547e-02
5.859375e-02
5.834961e-02
5.908203e-02
5.883789e-02
5.932617e-02
5.908203e-02
5.981445e-02
5.957031e-02
6.030273e-02
6.030273e-02
6.054688e-02
6.054688e-02
6.103516e-02
6.103516e-02
6.127930e-02
6.127930e-02
6.176758e-02
6.250000e-02
6.225586e-02
6.298828e-02
6.274414e-02
6.323242e-02
6.298828e-02
6.372070e-02
6.347656e-02
6.420898e-02
6.420898e-02
6.445312e-02
6.445312e-02
6.494141e-02
6.494141e-02
6.542969e-02
6.542969e-02
6.591797e-02
6.591797e-02
6.640625e-02
6.640625e-02
6.665039e-02
6.738281e-02
6.713867e-02
6.787109e-02
6.787109e-02
6.835938e-02
6.835938e-02
6.884766e-02
6.884766e-02
6.933594e-02
6.933594e-02
6.982422e-02
6.982422e-02
7.006836e-02
7.031250e-02
7.055664e-02
7.080078e-02
7.104492e-02
7.128906e-02
7.153320e-02
7.177734e-02
7.226562e-02
7.226562e-02
7.275391e-02
7.324219e-02
7.324219e-02
7.373047e-02
7.373047e-02
7.421875e-02
7.421875e-02
7.470703e-02
7.495117e-02
7.519531e-02
7.543945e-02
7.568359e-02
7.592773e-02
7.666016e-02
7.641602e-02
7.714844e-02
7.690430e-02
7.763672e-02
7.739258e-02
7.812500e-02
7.788086e-02
7.861328e-02
7.910156e-02
7.910156e-02
7.958984e-02
7.958984e-02
8.007812e-02
8.032227e-02
8.056641e-02
8.081055e-02
8.154297e-02
8.129883e-02
8.203125e-02
8.178711e-02
8.251953e-02
8.251953e-02
8.300781e-02
8.300781e-02
8.374023e-02
8.349609e-02
8.422852e-02
8.422852e-02
8.471680e-02
8.520508e-02
8.544922e-02
8.618164e-02
8.593750e-02
8.666992e-02
8.642578e-02
8.715820e-02
8.715820e-02
8.789062e-02
8.764648e-02
8.837891e-02
8.837891e-02
8.911133e-02
8.886719e-02
8.959961e-02
8.959961e-02
9.008789e-02
9.008789e-02
9.082031e-02
9.106445e-02
9.130859e-02
9.155273e-02
9.204102e-02
9.277344e-02
9.252930e-02
9.326172e-02
9.326172e-02
9.399414e-02
9.399414e-02
9.448242e-02
9.448242e-02
9.521484e-02
9.521484e-02
9.594727e-02
9.594727e-02
9.643555e-02
9.667969e-02
9.716797e-02
9.716797e-02
9.765625e-02
9.790039e-02
9.838867e-02
9.863281e-02
9.912109e-02
9.985352e-02
9.960938e-02
1.003418e-01
1.003418e-01
1.010742e-01
1.010742e-01
1.018066e-01
1.020508e-01
1.022949e-01
1.025391e-01
1.030273e-01
1.032715e-01
1.037598e-01
1.040039e-01
1.044922e-01
1.047363e-01
1.052246e-01
1.052246e-01
1.057129e-01
1.059570e-01
1.064453e-01
1.066895e-01
1.074219e-01
1.079102e-01
1.081543e-01
1.086426e-01
1.088867e-01
1.093750e-01
1.096191e-01
1.101074e-01
1.103516e-01
1.108398e-01
1.108398e-01
1.113281e-01
1.115723e-01
1.120605e-01
1.123047e-01
1.127930e-01
1.130371e-01
1.137695e-01
1.137695e-01
1.145020e-01
1.145020e-01
1.152344e-01
1.157227e-01
1.159668e-01
1.164551e-01
1.166992e-01
1.171875e-01
1.174316e-01
1.179199e-01
1.181641e-01
1.186523e-01
1.188965e-01
1.196289e-01
1.196289e-01
1.206055e-01
1.206055e-01
1.210938e-01
1.213379e-01
1.220703e-01
1.223145e-01
1.228027e-01
1.228027e-01
1.237793e-01
1.237793e-01
1.242676e-01
1.247559e-01
1.252441e-01
1.257324e-01
1.259766e-01
1.262207e-01
1.271973e-01
1.271973e-01
1.276855e-01
1.279297e-01
1.286621e-01
1.291504e-01
1.293945e-01
1.296387e-01
1.306152e-01
1.306152e-01
1.311035e-01
1.315918e-01
1.320801e-01
1.325684e-01
1.330566e-01
1.330566e-01
1.340332e-01
1.345215e-01
1.347656e-01
1.350098e-01
1.357422e-01
1.362305e-01
1.367188e-01
1.367188e-01
1.376953e-01
1.381836e-01
1.384277e-01
1.386719e-01
1.394043e-01
1.398926e-01
1.403809e-01
1.403809e-01
1.413574e-01
1.418457e-01
1.420898e-01
1.428223e-01
1.430664e-01
1.435547e-01
1.440430e-01
1.447754e-01
1.452637e-01
1.457520e-01
1.459961e-01
1.467285e-01
1.469727e-01
1.474609e-01
1.479492e-01
1.486816e-01
1.491699e-01
1.496582e-01
1.499023e-01
1.506348e-01
1.511230e-01
1.513672e-01
1.518555e-01
1.525879e-01
1.530762e-01
1.535645e-01
1.538086e-01
1.547852e-01
1.552734e-01
1.555176e-01
1.560059e-01
1.567383e-01
1.572266e-01
1.577148e-01
1.579590e-01
1.589355e-01
1.594238e-01
1.596680e-01
1.601562e-01
1.608887e-01
1.613770e-01
1.618652e-01
1.621094e-01
1.630859e-01
1.635742e-01
1.638184e-01
1.643066e-01
1.652832e-01
1.655273e-01
1.660156e-01
1.665039e-01
1.672363e-01
1.679688e-01
1.682129e-01
1.691895e-01
1.696777e-01
1.699219e-01
1.704102e-01
1.711426e-01
1.716309e-01
1.723633e-01
1.726074e-01
1.735840e-01
1.740723e-01
1.743164e-01
1.750488e-01
1.755371e-01
1.762695e-01
1.767578e-01
1.770020e-01
1.779785e-01
1.784668e-01
1.789551e-01
1.794434e-01
1.801758e-01
1.806641e-01
1.813965e-01
1.816406e-01
1.826172e-01
1.831055e-01
1.835938e-01
1.840820e-01
1.850586e-01
1.853027e-01
1.860352e-01
1.862793e-01
1.872559e-01
1.879883e-01
1.882324e-01
1.889648e-01
1.896973e-01
1.901855e-01
1.906738e-01
1.911621e-01
1.921387e-01
1.926270e-01
1.931152e-01
1.936035e-01
1.945801e-01
1.950684e-01
1.955566e-01
1.960449e-01
1.970215e-01
1.975098e-01
1.979980e-01
1.989746e-01
1.994629e-01
1.999512e-01
2.006836e-01
2.014160e-01
2.019043e-01
2.026367e-01
2.028809e-01
2.038574e-01
2.045898e-01
2.050781e-01
2.055664e-01
2.065430e-01
2.070312e-01
2.077637e-01
2.080078e-01
2.089844e-01
2.097168e-01
2.102051e-01
2.106934e-01
2.116699e-01
2.121582e-01
2.128906e-01
2.131348e-01
2.141113e-01
2.148438e-01
2.153320e-01
2.160645e-01
2.170410e-01
2.172852e-01
2.180176e-01
2.185059e-01
2.194824e-01
2.202148e-01
2.207031e-01
2.211914e-01
2.221680e-01
2.226562e-01
2.233887e-01
2.241211e-01
2.248535e-01
2.255859e-01
2.260742e-01
2.268066e-01
2.277832e-01
2.280273e-01
2.287598e-01
2.294922e-01
2.302246e-01
2.309570e-01
2.314453e-01
2.324219e-01
2.331543e-01
2.336426e-01
2.343750e-01
2.353516e-01
2.358398e-01
2.365723e-01
2.370605e-01
2.380371e-01
2.387695e-01
2.392578e-01
2.399902e-01
2.409668e-01
2.414551e-01
2.421875e-01
2.426758e-01
2.436523e-01
2.443848e-01
2.448730e-01
2.456055e-01
2.468262e-01
2.473145e-01
2.480469e-01
2.487793e-01
2.495117e-01
2.502441e-01
2.507324e-01
2.514648e-01
2.524414e-01
2.529297e-01
2.539062e-01
2.546387e-01
2.553711e-01
2.561035e-01
2.565918e-01
2.573242e-01
2.585449e-01
2.590332e-01
2.597656e-01
2.604980e-01
2.612305e-01
2.619629e-01
2.626953e-01
2.634277e-01
2.644043e-01
2.648926e-01
2.658691e-01
2.666016e-01
2.673340e-01
2.680664e-01
2.692871e-01
2.700195e-01
2.707520e-01
2.714844e-01
2.722168e-01
2.729492e-01
2.736816e-01
2.744141e-01
2.753906e-01
2.763672e-01
2.770996e-01
2.778320e-01
2.785645e-01
2.792969e-01
2.802734e-01
2.810059e-01
2.819824e-01
2.824707e-01
2.834473e-01
2.844238e-01
2.849121e-01
2.858887e-01
2.868652e-01
2.875977e-01
2.883301e-01
2.890625e-01
2.897949e-01
2.907715e-01
2.915039e-01
2.922363e-01
2.934570e-01
2.939453e-01
2.949219e-01
2.956543e-01
2.963867e-01
2.971191e-01
2.980957e-01
2.990723e-01
2.998047e-01
3.007812e-01
3.015137e-01
3.022461e-01
3.029785e-01
3.039551e-01
3.046875e-01
3.056641e-01
3.066406e-01
3.071289e-01
3.081055e-01
3.088379e-01
3.098145e-01
3.103027e-01
3.115234e-01
3.125000e-01
3.132324e-01
3.139648e-01
3.146973e-01
3.156738e-01
3.164062e-01
3.173828e-01
3.181152e-01
3.190918e-01
3.198242e-01
3.205566e-01
3.215332e-01
3.222656e-01
3.234863e-01
3.242188e-01
3.249512e-01
3.256836e-01
3.266602e-01
3.273926e-01
3.281250e-01
3.291016e-01
3.300781e-01
3.310547e-01
3.317871e-01
3.325195e-01
3.332520e-01
3.342285e-01
3.352051e-01
3.361816e-01
3.371582e-01
3.378906e-01
3.386230e-01
3.393555e-01
3.403320e-01
3.410645e-01
3.422852e-01
3.430176e-01
3.437500e-01
3.447266e-01
3.454590e-01
3.464355e-01
3.471680e-01
3.481445e-01
3.491211e-01
3.500977e-01
3.508301e-01
3.515625e-01
3.525391e-01
3.532715e-01
3.542480e-01
3.552246e-01
3.562012e-01
3.569336e-01
3.579102e-01
3.586426e-01
3.596191e-01
3.603516e-01
3.615723e-01
3.623047e-01
3.632812e-01
3.640137e-01
3.647461e-01
3.657227e-01
3.666992e-01
3.674316e-01
3.686523e-01
3.693848e-01
3.703613e-01
3.710938e-01
3.720703e-01
3.728027e-01
3.737793e-01
3.750000e-01
3.757324e-01
3.767090e-01
3.774414e-01
3.784180e-01
3.791504e-01
3.801270e-01
3.811035e-01
3.820801e-01
3.830566e-01
3.837891e-01
3.847656e-01
3.854980e-01
3.864746e-01
3.874512e-01
3.884277e-01
3.891602e-01
3.901367e-01
3.911133e-01
3.918457e-01
3.928223e-01
3.937988e-01
3.947754e-01
3.957520e-01
3.967285e-01
3.974609e-01
3.984375e-01
3.994141e-01
4.001465e-01
4.013672e-01
4.020996e-01
4.030762e-01
4.040527e-01
4.047852e-01
4.057617e-01
4.067383e-01
4.077148e-01
4.086914e-01
4.096680e-01
4.104004e-01
4.113770e-01
4.123535e-01
4.130859e-01
4.140625e-01
4.152832e-01
4.162598e-01
4.169922e-01
4.179688e-01
4.187012e-01
4.196777e-01
4.206543e-01
4.218750e-01
4.228516e-01
4.235840e-01
4.245605e-01
4.255371e-01
4.262695e-01
4.272461e-01
4.284668e-01
4.294434e-01
4.301758e-01
4.311523e-01
4.321289e-01
4.331055e-01
4.338379e-01
4.348145e-01
4.360352e-01
4.370117e-01
4.377441e-01
4.387207e-01
4.396973e-01
4.406738e-01
4.416504e-01
4.426270e-01
4.436035e-01
4.445801e-01
4.455566e-01
4.465332e-01
4.472656e-01
4.482422e-01
4.494629e-01
4.504395e-01
4.514160e-01
4.523926e-01
4.531250e-01
4.541016e-01
4.550781e-01
4.560547e-01
4.572754e-01
4.582520e-01
4.592285e-01
4.599609e-01
4.609375e-01
4.619141e-01
4.628906e-01
4.641113e-01
4.650879e-01
4.660645e-01
4.667969e-01
4.677734e-01
4.687500e-01
4.697266e-01
4.709473e-01
4.719238e-01
4.729004e-01
4.738770e-01
4.748535e-01
4.758301e-01
4.765625e-01
4.775391e-01
4.787598e-01
4.797363e-01
4.807129e-01
4.816895e-01
4.826660e-01
4.836426e-01
4.846191e-01
4.858398e-01
4.868164e-01
4.877930e-01
4.887695e-01
4.897461e-01
4.907227e-01
4.916992e-01
4.929199e-01
4.938965e-01
4.948730e-01
4.958496e-01
4.968262e-01
4.978027e-01
4.987793e-01
5.000000e-01
5.007324e-01
5.017090e-01
5.026855e-01
5.036621e-01
5.046387e-01
5.056152e-01
5.065918e-01
5.078125e-01
5.087891e-01
5.097656e-01
5.107422e-01
5.117188e-01
5.126953e-01
5.136719e-01
5.148926e-01
5.158691e-01
5.168457e-01
5.178223e-01
5.187988e-01
5.197754e-01
5.207520e-01
5.219727e-01
5.229492e-01
5.236816e-01
5.246582e-01
5.256348e-01
5.266113e-01
5.275879e-01
5.285645e-01
5.297852e-01
5.307617e-01
5.317383e-01
5.327148e-01
5.334473e-01
5.344238e-01
5.354004e-01
5.366211e-01
5.375977e-01
5.385742e-01
5.395508e-01
5.402832e-01
5.412598e-01
5.422363e-01
5.434570e-01
5.444336e-01
5.454102e-01
5.463867e-01
5.471191e-01
5.480957e-01
5.490723e-01
5.500488e-01
5.512695e-01
5.522461e-01
5.529785e-01
5.539551e-01
5.549316e-01
5.559082e-01
5.568848e-01
5.578613e-01
5.588379e-01
5.598145e-01
5.607910e-01
5.617676e-01
5.625000e-01
5.634766e-01
5.646973e-01
5.656738e-01
5.664062e-01
5.673828e-01
5.683594e-01
5.693359e-01
5.703125e-01
5.710449e-01
5.722656e-01
5.732422e-01
5.739746e-01
5.749512e-01
5.759277e-01
5.766602e-01
5.776367e-01
5.788574e-01
5.798340e-01
5.808105e-01
5.815430e-01
5.825195e-01
5.832520e-01
5.842285e-01
5.854492e-01
5.864258e-01
5.871582e-01
5.881348e-01
5.891113e-01
5.898438e-01
5.908203e-01
5.917969e-01
5.927734e-01
5.937500e-01
5.947266e-01
5.954590e-01
5.964355e-01
5.974121e-01
5.981445e-01
5.993652e-01
6.000977e-01
6.010742e-01
6.020508e-01
6.027832e-01
6.037598e-01
6.047363e-01
6.057129e-01
6.066895e-01
6.076660e-01
6.083984e-01
6.093750e-01
6.101074e-01
6.110840e-01
6.120605e-01
6.130371e-01
6.140137e-01
6.147461e-01
6.157227e-01
6.164551e-01
6.174316e-01
6.181641e-01
6.193848e-01
6.203613e-01
6.210938e-01
6.220703e-01
6.228027e-01
6.237793e-01
6.245117e-01
6.257324e-01
6.264648e-01
6.274414e-01
6.284180e-01
6.291504e-01
6.301270e-01
6.308594e-01
6.320801e-01
6.328125e-01
6.337891e-01
6.345215e-01
6.354980e-01
6.364746e-01
6.372070e-01
6.379395e-01
6.391602e-01
6.398926e-01
6.408691e-01
6.416016e-01
6.423340e-01
6.433105e-01
6.442871e-01
6.452637e-01
6.462402e-01
6.469727e-01
6.479492e-01
6.486816e-01
6.494141e-01
6.503906e-01
6.513672e-01
6.523438e-01
6.530762e-01
6.540527e-01
6.547852e-01
6.557617e-01
6.564941e-01
6.572266e-01
6.582031e-01
6.591797e-01
6.601562e-01
6.608887e-01
6.616211e-01
6.623535e-01
6.633301e-01
6.643066e-01
6.652832e-01
6.660156e-01
6.669922e-01
6.677246e-01
6.684570e-01
6.694336e-01
6.704102e-01
6.713867e-01
6.721191e-01
6.728516e-01
6.738281e-01
6.745605e-01
6.752930e-01
6.760254e-01
6.772461e-01
6.779785e-01
6.789551e-01
6.796875e-01
6.804199e-01
6.813965e-01
6.821289e-01
6.831055e-01
6.838379e-01
6.848145e-01
6.855469e-01
6.862793e-01
6.870117e-01
6.879883e-01
6.892090e-01
6.896973e-01
6.906738e-01
6.914062e-01
6.923828e-01
6.928711e-01
6.938477e-01
6.945801e-01
6.955566e-01
6.965332e-01
6.972656e-01
6.982422e-01
6.987305e-01
6.997070e-01
7.004395e-01
7.014160e-01
7.021484e-01
7.031250e-01
7.038574e-01
7.045898e-01
7.055664e-01
7.060547e-01
7.072754e-01
7.080078e-01
7.087402e-01
7.094727e-01
7.104492e-01
7.111816e-01
7.119141e-01
7.126465e-01
7.136230e-01
7.145996e-01
7.150879e-01
7.160645e-01
7.167969e-01
7.175293e-01
7.185059e-01
7.192383e-01
7.202148e-01
7.209473e-01
7.216797e-01
7.224121e-01
7.231445e-01
7.238770e-01
7.250977e-01
7.258301e-01
7.265625e-01
7.272949e-01
7.280273e-01
7.287598e-01
7.294922e-01
7.307129e-01
7.312012e-01
7.319336e-01
7.324219e-01
7.333984e-01
7.343750e-01
7.348633e-01
7.355957e-01
7.365723e-01
7.373047e-01
7.380371e-01
7.385254e-01
7.395020e-01
7.402344e-01
7.407227e-01
7.416992e-01
7.426758e-01
7.431641e-01
7.438965e-01
7.443848e-01
7.453613e-01
7.463379e-01
7.468262e-01
7.475586e-01
7.485352e-01
7.490234e-01
7.497559e-01
7.502441e-01
7.512207e-01
7.519531e-01
7.524414e-01
7.536621e-01
7.543945e-01
7.548828e-01
7.556152e-01
7.565918e-01
7.570801e-01
7.578125e-01
7.583008e-01
7.592773e-01
7.600098e-01
7.604980e-01
7.612305e-01
7.622070e-01
7.626953e-01
7.634277e-01
7.639160e-01
7.648926e-01
7.656250e-01
7.661133e-01
7.668457e-01
7.678223e-01
7.683105e-01
7.690430e-01
7.695312e-01
7.705078e-01
7.712402e-01
7.714844e-01
7.722168e-01
7.731934e-01
7.736816e-01
7.744141e-01
7.749023e-01
7.758789e-01
7.766113e-01
7.770996e-01
7.775879e-01
7.785645e-01
7.790527e-01
7.797852e-01
7.805176e-01
7.812500e-01
7.819824e-01
7.822266e-01
7.829590e-01
7.839355e-01
7.844238e-01
7.851562e-01
7.856445e-01
7.863770e-01
7.871094e-01
7.875977e-01
7.880859e-01
7.890625e-01
7.895508e-01
7.902832e-01
7.912598e-01
7.917480e-01
7.922363e-01
7.927246e-01
7.937012e-01
7.941895e-01
7.946777e-01
7.954102e-01
7.963867e-01
7.966309e-01
7.973633e-01
7.978516e-01
7.985840e-01
7.993164e-01
7.998047e-01
8.002930e-01
8.012695e-01
8.017578e-01
8.022461e-01
8.029785e-01
8.037109e-01
8.041992e-01
8.046875e-01
8.051758e-01
8.061523e-01
8.066406e-01
8.071289e-01
8.078613e-01
8.085938e-01
8.090820e-01
8.095703e-01
8.100586e-01
8.110352e-01
8.112793e-01
8.120117e-01
8.125000e-01
8.132324e-01
8.139648e-01
8.142090e-01
8.146973e-01
8.156738e-01
8.161621e-01
8.166504e-01
8.171387e-01
8.178711e-01
8.186035e-01
8.190918e-01
8.193359e-01
8.203125e-01
8.208008e-01
8.212891e-01
8.217773e-01
8.225098e-01
8.229980e-01
8.237305e-01
8.239746e-01
8.249512e-01
8.251953e-01
8.256836e-01
8.266602e-01
8.269043e-01
8.276367e-01
8.281250e-01
8.288574e-01
8.293457e-01
8.295898e-01
8.300781e-01
8.310547e-01
8.312988e-01
8.320312e-01
8.325195e-01
8.332520e-01
8.337402e-01
8.339844e-01
8.344727e-01
8.354492e-01
8.356934e-01
8.361816e-01
8.366699e-01
8.374023e-01
8.378906e-01
8.383789e-01
8.386230e-01
8.395996e-01
8.398438e-01
8.403320e-01
8.410645e-01
8.415527e-01
8.420410e-01
8.425293e-01
8.427734e-01
8.437500e-01
8.439941e-01
8.444824e-01
8.449707e-01
8.457031e-01
8.461914e-01
8.466797e-01
8.469238e-01
8.479004e-01
8.481445e-01
8.486328e-01
8.491211e-01
8.496094e-01
8.500977e-01
8.505859e-01
8.508301e-01
8.518066e-01
8.522949e-01
8.525391e-01
8.530273e-01
8.535156e-01
8.540039e-01
8.544922e-01
8.552246e-01
8.557129e-01
8.562012e-01
8.564453e-01
8.571777e-01
8.574219e-01
8.579102e-01
8.583984e-01
8.588867e-01
8.593750e-01
8.598633e-01
8.601074e-01
8.608398e-01
8.610840e-01
8.615723e-01
8.620605e-01
8.627930e-01
8.630371e-01
8.635254e-01
8.637695e-01
8.645020e-01
8.647461e-01
8.652344e-01
8.657227e-01
8.662109e-01
8.666992e-01
8.671875e-01
8.671875e-01
8.681641e-01
8.686523e-01
8.686523e-01
8.691406e-01
8.698730e-01
8.701172e-01
8.706055e-01
8.708496e-01
8.715820e-01
8.720703e-01
8.720703e-01
8.725586e-01
8.732910e-01
8.735352e-01
8.740234e-01
8.740234e-01
8.750000e-01
8.754883e-01
8.754883e-01
8.759766e-01
8.764648e-01
8.769531e-01
8.771973e-01
8.774414e-01
8.781738e-01
8.786621e-01
8.786621e-01
8.791504e-01
8.798828e-01
8.803711e-01
8.806152e-01
8.811035e-01
8.813477e-01
8.818359e-01
8.820801e-01
8.825684e-01
8.828125e-01
8.833008e-01
8.835449e-01
8.840332e-01
8.842773e-01
8.847656e-01
8.850098e-01
8.854980e-01
8.857422e-01
8.864746e-01
8.864746e-01
8.872070e-01
8.872070e-01
8.879395e-01
8.879395e-01
8.886719e-01
8.891602e-01
8.891602e-01
8.896484e-01
8.898926e-01
8.903809e-01
8.906250e-01
8.911133e-01
8.913574e-01
8.920898e-01
8.920898e-01
8.928223e-01
8.928223e-01
8.935547e-01
8.933105e-01
8.940430e-01
8.940430e-01
8.947754e-01
8.947754e-01
8.955078e-01
8.955078e-01
8.962402e-01
8.967285e-01
8.969727e-01
8.972168e-01
8.974609e-01
8.981934e-01
8.981934e-01
8.989258e-01
8.989258e-01
8.996582e-01
8.994141e-01
9.001465e-01
9.001465e-01
9.008789e-01
9.008789e-01
9.016113e-01
9.013672e-01
9.020996e-01
9.020996e-01
9.028320e-01
9.030762e-01
9.033203e-01
9.035645e-01
9.040527e-01
9.047852e-01
9.047852e-01
9.052734e-01
9.052734e-01
9.060059e-01
9.060059e-01
9.067383e-01
9.064941e-01
9.072266e-01
9.072266e-01
9.079590e-01
9.077148e-01
9.084473e-01
9.086914e-01
9.091797e-01
9.091797e-01
9.096680e-01
9.099121e-01
9.101562e-01
9.104004e-01
9.108887e-01
9.108887e-01
9.113770e-01
9.121094e-01
9.121094e-01
9.128418e-01
9.125977e-01
9.133301e-01
9.133301e-01
9.138184e-01
9.140625e-01
9.145508e-01
9.145508e-01
9.150391e-01
9.150391e-01
9.155273e-01
9.157715e-01
9.162598e-01
9.162598e-01
9.167480e-01
9.167480e-01
9.172363e-01
9.172363e-01
9.177246e-01
9.184570e-01
9.187012e-01
9.189453e-01
9.191895e-01
9.196777e-01
9.196777e-01
9.201660e-01
9.201660e-01
9.206543e-01
9.206543e-01
9.211426e-01
9.211426e-01
9.216309e-01
9.218750e-01
9.221191e-01
9.223633e-01
9.230957e-01
9.228516e-01
9.235840e-01
9.233398e-01
9.240723e-01
9.238281e-01
9.245605e-01
9.250488e-01
9.250488e-01
9.255371e-01
9.255371e-01
9.260254e-01
9.260254e-01
9.265137e-01
9.265137e-01
9.270020e-01
9.270020e-01
9.277344e-01
9.274902e-01
9.282227e-01
9.279785e-01
9.287109e-01
9.284668e-01
9.291992e-01
9.289551e-01
9.294434e-01
9.294434e-01
9.299316e-01
9.304199e-01
9.304199e-01
9.309082e-01
9.309082e-01
9.316406e-01
9.313965e-01
9.321289e-01
9.318848e-01
9.326172e-01
9.323730e-01
9.328613e-01
9.326172e-01
9.333496e-01
9.331055e-01
9.338379e-01
9.335938e-01
9.343262e-01
9.340820e-01
9.348145e-01
9.345703e-01
9.350586e-01
9.350586e-01
9.355469e-01
9.362793e-01
9.360352e-01
9.365234e-01
9.362793e-01
9.370117e-01
9.367676e-01
9.375000e-01
9.372559e-01
9.379883e-01
9.375000e-01
9.382324e-01
9.379883e-01
9.387207e-01
9.387207e-01
9.389648e-01
9.389648e-01
9.394531e-01
9.394531e-01
9.399414e-01
9.399414e-01
9.401855e-01
9.401855e-01
9.406738e-01
9.411621e-01
9.409180e-01
9.416504e-01
9.414062e-01
9.418945e-01
9.416504e-01
9.423828e-01
9.423828e-01
9.426270e-01
9.426270e-01
9.431152e-01
9.431152e-01
9.433594e-01
9.433594e-01
9.438477e-01
9.438477e-01
9.440918e-01
9.440918e-01
9.445801e-01
9.443359e-01
9.448242e-01
9.455566e-01
9.455566e-01
9.458008e-01
9.458008e-01
9.460449e-01
9.460449e-01
9.465332e-01
9.465332e-01
9.467773e-01
9.467773e-01
9.470215e-01
9.470215e-01
9.475098e-01
9.472656e-01
9.477539e-01
9.477539e-01
9.479980e-01
9.479980e-01
9.487305e-01
9.482422e-01
9.489746e-01
9.484863e-01
9.492188e-01
9.497070e-01
9.494629e-01
9.499512e-01
9.497070e-01
9.501953e-01
9.501953e-01
9.504395e-01
9.504395e-01
9.506836e-01
9.506836e-01
9.516602e-01
9.509277e-01
9.511719e-01
9.516602e-01
9.519043e-01
9.521484e-01
9.519043e-01
9.521484e-01
9.523926e-01
9.528809e-01
9.523926e-01
9.526367e-01
9.531250e-01
9.533691e-01
9.536133e-01
9.531250e-01
9.536133e-01
9.538574e-01
9.541016e-01
9.538574e-01
9.541016e-01
9.543457e-01
9.548340e-01
9.550781e-01
9.545898e-01
9.550781e-01
9.553223e-01
9.555664e-01
9.560547e-01
9.555664e-01
9.558105e-01
9.560547e-01
9.565430e-01
9.560547e-01
9.562988e-01
9.567871e-01
9.570312e-01
9.572754e-01
9.567871e-01
9.572754e-01
9.575195e-01
9.577637e-01
9.572754e-01
9.577637e-01
9.580078e-01
9.582520e-01
9.587402e-01
9.582520e-01
9.584961e-01
9.587402e-01
9.592285e-01
9.594727e-01
9.589844e-01
9.592285e-01
9.597168e-01
9.599609e-01
9.594727e-01
9.597168e-01
9.602051e-01
9.604492e-01
9.606934e-01
9.602051e-01
9.606934e-01
9.609375e-01
9.611816e-01
9.616699e-01
9.611816e-01
9.614258e-01
9.616699e-01
9.619141e-01
9.614258e-01
9.619141e-01
9.621582e-01
9.624023e-01
9.628906e-01
9.624023e-01
9.626465e-01
9.628906e-01
9.631348e-01
9.626465e-01
9.631348e-01
9.633789e-01
9.636230e-01
9.641113e-01
9.633789e-01
9.638672e-01
9.638672e-01
9.641113e-01
9.645996e-01
9.638672e-01
9.643555e-01
9.645996e-01
9.648438e-01
9.643555e-01
9.645996e-01
9.650879e-01
9.653320e-01
9.655762e-01
9.650879e-01
9.653320e-01
9.658203e-01
9.660645e-01
9.655762e-01
9.658203e-01
9.660645e-01
9.665527e-01
9.667969e-01
9.663086e-01
9.665527e-01
9.667969e-01
9.670410e-01
9.675293e-01
9.670410e-01
9.672852e-01
9.675293e-01
9.677734e-01
9.672852e-01
9.675293e-01
9.680176e-01
9.682617e-01
9.685059e-01
9.680176e-01
9.682617e-01
9.685059e-01
9.689941e-01
9.682617e-01
9.687500e-01
9.689941e-01
9.692383e-01
9.694824e-01
9.689941e-01
9.692383e-01
9.694824e-01
9.699707e-01
9.702148e-01
9.697266e-01
9.699707e-01
9.702148e-01
9.704590e-01
9.699707e-01
9.702148e-01
9.704590e-01
9.709473e-01
9.711914e-01
9.707031e-01
9.709473e-01
9.711914e-01
9.714355e-01
9.709473e-01
9.711914e-01
9.714355e-01
9.719238e-01
9.721680e-01
9.714355e-01
9.719238e-01
9.721680e-01
9.724121e-01
9.726562e-01
9.721680e-01
9.724121e-01
9.726562e-01
9.729004e-01
9.724121e-01
9.726562e-01
9.729004e-01
9.733887e-01
9.736328e-01
9.729004e-01
9.733887e-01
9.736328e-01
9.738770e-01
9.731445e-01
9.733887e-01
9.736328e-01
9.738770e-01
9.741211e-01
9.736328e-01
9.738770e-01
9.741211e-01
9.743652e-01
9.748535e-01
9.741211e-01
9.743652e-01
9.748535e-01
9.750977e-01
9.743652e-01
9.746094e-01
9.750977e-01
9.753418e-01
9.755859e-01
9.748535e-01
9.753418e-01
9.755859e-01
9.758301e-01
9.750977e-01
9.755859e-01
9.758301e-01
9.760742e-01
9.763184e-01
9.755859e-01
9.760742e-01
9.763184e-01
9.765625e-01
9.768066e-01
9.763184e-01
9.765625e-01
9.768066e-01
9.770508e-01
9.763184e-01
9.768066e-01
9.770508e-01
9.772949e-01
9.775391e-01
9.768066e-01
9.772949e-01
9.775391e-01
9.777832e-01
9.770508e-01
9.772949e-01
9.777832e-01
9.780273e-01
9.782715e-01
9.775391e-01
9.777832e-01
9.782715e-01
9.785156e-01
9.787598e-01
9.780273e-01
9.782715e-01
9.785156e-01
9.790039e-01
9.782715e-01
9.785156e-01
9.787598e-01
9.790039e-01
9.792480e-01
9.787598e-01
9.790039e-01
9.792480e-01
9.794922e-01
9.787598e-01
9.790039e-01
9.794922e-01
9.797363e-01
9.799805e-01
9.792480e-01
9.794922e-01
9.797363e-01
9.799805e-01
9.804688e-01
9.797363e-01
9.799805e-01
9.802246e-01
9.804688e-01
9.797363e-01
9.799805e-01
9.809570e-01
9.797363e-01
9.799805e-01
9.799805e-01
9.802246e-01
9.804688e-01
9.804688e-01
9.807129e-01
9.809570e-01
9.809570e-01
9.812012e-01
9.814453e-01
9.804688e-01
9.807129e-01
9.809570e-01
9.809570e-01
9.812012e-01
9.812012e-01
9.814453e-01
9.816895e-01
9.816895e-01
9.819336e-01
9.821777e-01
9.821777e-01
9.812012e-01
9.814453e-01
9.814453e-01
9.816895e-01
9.816895e-01
9.819336e-01
9.821777e-01
9.821777e-01
9.824219e-01
9.826660e-01
9.826660e-01
9.819336e-01
9.819336e-01
9.821777e-01
9.824219e-01
9.824219e-01
9.826660e-01
9.829102e-01
9.829102e-01
9.831543e-01
9.833984e-01
9.833984e-01
9.836426e-01
9.824219e-01
9.826660e-01
9.829102e-01
9.829102e-01
9.831543e-01
9.831543e-01
9.833984e-01
9.836426e-01
9.836426e-01
9.838867e-01
9.841309e-01
9.831543e-01
9.833984e-01
9.833984e-01
9.836426e-01
9.836426e-01
9.838867e-01
9.841309e-01
9.841309e-01
9.843750e-01
9.846191e-01
9.846191e-01
9.848633e-01
9.836426e-01
9.838867e-01
9.841309e-01
9.841309e-01
9.843750e-01
9.843750e-01
9.846191e-01
9.848633e-01
9.848633e-01
9.851074e-01
9.853516e-01
9.843750e-01
9.843750e-01
9.846191e-01
9.848633e-01
9.848633e-01
9.851074e-01
9.853516e-01
9.853516e-01
9.855957e-01
9.855957e-01
9.858398e-01
9.860840e-01
9.851074e-01
9.851074e-01
9.851074e-01
9.853516e-01
9.853516e-01
9.855957e-01
9.858398e-01
9.858398e-01
9.860840e-01
9.860840e-01
9.863281e-01
9.853516e-01
9.855957e-01
9.858398e-01
9.858398e-01
9.860840e-01
9.860840e-01
9.863281e-01
9.865723e-01
9.865723e-01
9.868164e-01
9.868164e-01
9.870605e-01
9.860840e-01
9.860840e-01
9.860840e-01
9.863281e-01
9.865723e-01
9.865723e-01
9.868164e-01
9.868164e-01
9.870605e-01
9.873047e-01
9.873047e-01
9.863281e-01
9.865723e-01
9.868164e-01
9.868164e-01
9.870605e-01
9.870605e-01
9.873047e-01
9.875488e-01
9.875488e-01
9.877930e-01
9.877930e-01
9.880371e-01
9.870605e-01
9.870605e-01
9.870605e-01
9.873047e-01
9.875488e-01
9.875488e-01
9.877930e-01
9.877930e-01
9.880371e-01
9.882812e-01
9.882812e-01
9.873047e-01
9.875488e-01
9.875488e-01
9.877930e-01
9.880371e-01
9.880371e-01
9.882812e-01
9.882812e-01
9.885254e-01
9.887695e-01
9.887695e-01
9.890137e-01
9.880371e-01
9.877930e-01
9.880371e-01
9.880371e-01
9.882812e-01
9.885254e-01
9.885254e-01
9.887695e-01
9.887695e-01
9.890137e-01
9.892578e-01
9.882812e-01
9.882812e-01
9.885254e-01
9.885254e-01
9.887695e-01
9.887695e-01
9.890137e-01
9.892578e-01
9.892578e-01
9.895020e-01
9.895020e-01
9.897461e-01
9.887695e-01
9.887695e-01
9.887695e-01
9.890137e-01
9.890137e-01
9.892578e-01
9.892578e-01
9.895020e-01
9.897461e-01
9.897461e-01
9.899902e-01
9.890137e-01
9.890137e-01
9.892578e-01
9.892578e-01
9.895020e-01
9.895020e-01
9.897461e-01
9.899902e-01
9.899902e-01
9.902344e-01
9.902344e-01
9.904785e-01
9.895020e-01
9.895020e-01
9.895020e-01
9.895020e-01
9.897461e-01
9.899902e-01
9.899902e-01
9.902344e-01
9.902344e-01
9.904785e-01
9.907227e-01
9.895020e-01
9.897461e-01
9.897461e-01
9.899902e-01
9.902344e-01
9.902344e-01
9.904785e-01
9.904785e-01
9.907227e-01
9.907227e-01
9.909668e-01
9.912109e-01
9.899902e-01
9.902344e-01
9.899902e-01
9.902344e-01
9.904785e-01
9.904785e-01
9.907227e-01
9.907227e-01
9.909668e-01
9.909668e-01
9.912109e-01
9.902344e-01
9.902344e-01
9.904785e-01
9.904785e-01
9.907227e-01
9.907227e-01
9.909668e-01
9.912109e-01
9.912109e-01
9.914551e-01
9.914551e-01
9.916992e-01
9.904785e-01
9.907227e-01
9.912109e-01
9.909668e-01
9.909668e-01
9.912109e-01
9.912109e-01
9.914551e-01
9.912109e-01
9.912109e-01
9.914551e-01
9.914551e-01
9.916992e-01
9.916992e-01
9.916992e-01
9.916992e-01
9.916992e-01
9.919434e-01
9.907227e-01
9.909668e-01
9.907227e-01
9.909668e-01
9.909668e-01
9.909668e-01
9.912109e-01
9.912109e-01
9.912109e-01
9.912109e-01
9.914551e-01
9.914551e-01
9.914551e-01
9.916992e-01
9.914551e-01
9.916992e-01
9.916992e-01
9.919434e-01
9.919434e-01
9.916992e-01
9.919434e-01
9.919434e-01
9.921875e-01
9.921875e-01
9.924316e-01
9.921875e-01
9.921875e-01
9.924316e-01
9.924316e-01
9.926758e-01
9.912109e-01
9.914551e-01
9.914551e-01
9.914551e-01
9.916992e-01
9.916992e-01
9.916992e-01
9.916992e-01
9.916992e-01
9.919434e-01
9.919434e-01
9.919434e-01
9.919434e-01
9.921875e-01
9.921875e-01
9.921875e-01
9.924316e-01
9.921875e-01
9.924316e-01
9.924316e-01
9.926758e-01
9.926758e-01
9.926758e-01
9.926758e-01
9.926758e-01
9.929199e-01
9.929199e-01
9.931641e-01
9.929199e-01
9.929199e-01
9.919434e-01
9.919434e-01
9.919434e-01
9.919434e-01
9.921875e-01
9.921875e-01
9.921875e-01
9.924316e-01
9.921875e-01
9.924316e-01
9.924316e-01
9.926758e-01
9.926758e-01
9.926758e-01
9.926758e-01
9.926758e-01
9.929199e-01
9.929199e-01
9.931641e-01
9.929199e-01
9.929199e-01
9.931641e-01
9.931641e-01
9.934082e-01
9.934082e-01
9.934082e-01
9.934082e-01
9.934082e-01
9.936523e-01
9.936523e-01
9.924316e-01
9.924316e-01
9.924316e-01
9.924316e-01
9.924316e-01
9.926758e-01
9.926758e-01
9.929199e-01
9.929199e-01
9.926758e-01
9.929199e-01
9.929199e-01
9.931641e-01
9.931641e-01
9.931641e-01
9.931641e-01
9.931641e-01
9.934082e-01
9.934082e-01
9.936523e-01
9.934082e-01
9.936523e-01
9.936523e-01
9.936523e-01
9.938965e-01
9.936523e-01
9.938965e-01
9.938965e-01
9.941406e-01
9.941406e-01
9.926758e-01
9.929199e-01
9.929199e-01
9.929199e-01
9.929199e-01
9.931641e-01
9.931641e-01
9.931641e-01
9.934082e-01
9.931641e-01
9.934082e-01
9.934082e-01
9.936523e-01
9.936523e-01
9.934082e-01
9.936523e-01
9.936523e-01
9.938965e-01
9.938965e-01
9.936523e-01
9.938965e-01
9.938965e-01
9.941406e-01
9.941406e-01
9.943848e-01
9.941406e-01
9.941406e-01
9.943848e-01
9.943848e-01
9.946289e-01
9.931641e-01
9.934082e-01
9.931641e-01
9.931641e-01
9.934082e-01
9.934082e-01
9.936523e-01
9.934082e-01
9.936523e-01
9.936523e-01
9.936523e-01
9.938965e-01
9.936523e-01
9.938965e-01
9.938965e-01
9.941406e-01
9.941406e-01
9.938965e-01
9.941406e-01
9.941406e-01
9.943848e-01
9.943848e-01
9.946289e-01
9.943848e-01
9.943848e-01
9.946289e-01
9.946289e-01
9.948730e-01
9.946289e-01
9.948730e-01
9.934082e-01
9.934082e-01
9.936523e-01
9.936523e-01
9.936523e-01
9.936523e-01
9.938965e-01
9.938965e-01
9.938965e-01
9.938965e-01
9.938965e-01
9.941406e-01
9.941406e-01
9.941406e-01
9.941406e-01
9.941406e-01
9.943848e-01
9.943848e-01
9.946289e-01
9.946289e-01
9.943848e-01
9.946289e-01
9.946289e-01
9.948730e-01
9.948730e-01
9.948730e-01
9.948730e-01
9.948730e-01
9.951172e-01
9.951172e-01
9.936523e-01
9.936523e-01
9.938965e-01
9.938965e-01
9.938965e-01
9.938965e-01
9.938965e-01
9.941406e-01
9.941406e-01
9.943848e-01
9.941406e-01
9.941406e-01
9.943848e-01
9.943848e-01
9.946289e-01
9.943848e-01
9.946289e-01
9.946289e-01
9.946289e-01
9.948730e-01
9.946289e-01
9.948730e-01
9.948730e-01
9.951172e-01
9.951172e-01
9.948730e-01
9.951172e-01
9.951172e-01
9.953613e-01
9.953613e-01
9.970703e-01
9.968262e-01
9.968262e-01
9.968262e-01
9.968262e-01
9.968262e-01
9.970703e-01
9.970703e-01
9.970703e-01
9.970703e-01
9.970703e-01
9.973145e-01
9.973145e-01
9.973145e-01
9.970703e-01
9.970703e-01
9.970703e-01
9.973145e-01
9.973145e-01
9.973145e-01
9.973145e-01
9.958496e-01
9.960938e-01
9.960938e-01
9.960938e-01
9.960938e-01
9.958496e-01
9.958496e-01
9.960938e-01
9.960938e-01
9.960938e-01
9.960938e-01
9.960938e-01
9.963379e-01
9.963379e-01
9.963379e-01
9.963379e-01
9.963379e-01
9.963379e-01
9.963379e-01
9.963379e-01
9.963379e-01
9.963379e-01
9.963379e-01
9.965820e-01
9.965820e-01
9.965820e-01
9.965820e-01
9.965820e-01
9.965820e-01
9.968262e-01
9.968262e-01
9.965820e-01
9.965820e-01
9.965820e-01
9.968262e-01
9.968262e-01
9.968262e-01
9.968262e-01
9.968262e-01
9.970703e-01
9.970703e-01
9.970703e-01
9.970703e-01
9.970703e-01
9.968262e-01
9.970703e-01
9.970703e-01
9.970703e-01
9.970703e-01
9.970703e-01
9.973145e-01
9.973145e-01
9.973145e-01
9.973145e-01
9.973145e-01
9.973145e-01
9.973145e-01
9.973145e-01
9.973145e-01
9.973145e-01
9.973145e-01
9.975586e-01
9.975586e-01
9.975586e-01
9.975586e-01
9.975586e-01
9.975586e-01
9.978027e-01
9.978027e-01
9.975586e-01
9.975586e-01
9.975586e-01
9.978027e-01
9.978027e-01
9.978027e-01
9.978027e-01
9.978027e-01
9.978027e-01
9.980469e-01
9.980469e-01
9.980469e-01
9.980469e-01
9.963379e-01
9.965820e-01
9.965820e-01
9.965820e-01
9.965820e-01
9.965820e-01
9.968262e-01
9.965820e-01
9.965820e-01
9.965820e-01
9.965820e-01
9.965820e-01
9.968262e-01
9.968262e-01
9.968262e-01
9.968262e-01
9.968262e-01
9.970703e-01
9.970703e-01
9.968262e-01
9.968262e-01
9.968262e-01
9.968262e-01
9.970703e-01
9.970703e-01
9.970703e-01
9.970703e-01
9.970703e-01
9.973145e-01
9.973145e-01
9.973145e-01
9.973145e-01
9.970703e-01
9.970703e-01
9.973145e-01
9.973145e-01
9.973145e-01
9.973145e-01
9.973145e-01
9.975586e-01
9.975586e-01
9.975586e-01
9.975586e-01
9.975586e-01
9.973145e-01
9.975586e-01
9.975586e-01
9.975586e-01
9.975586e-01
9.975586e-01
9.978027e-01
9.978027e-01
9.978027e-01
9.978027e-01
9.978027e-01
9.980469e-01
9.978027e-01
9.978027e-01
9.978027e-01
9.978027e-01
9.978027e-01
9.980469e-01
9.980469e-01
9.980469e-01
9.980469e-01
9.980469e-01
9.982910e-01
9.982910e-01
9.980469e-01
9.980469e-01
9.980469e-01
9.980469e-01
9.982910e-01
9.982910e-01
9.982910e-01
9.982910e-01
9.982910e-01
9.985352e-01
9.985352e-01
9.985352e-01
9.982910e-01
9.982910e-01
9.968262e-01
9.970703e-01
9.968262e-01
9.968262e-01
9.968262e-01
9.968262e-01
9.970703e-01
9.970703e-01
9.970703e-01
9.970703e-01
9.970703e-01
9.970703e-01
9.973145e-01
9.970703e-01
9.970703e-01
9.970703e-01
9.970703e-01
9.973145e-01
9.973145e-01
9.973145e-01
9.973145e-01
9.973145e-01
9.975586e-01
9.975586e-01
9.975586e-01
9.973145e-01
9.973145e-01
9.973145e-01
9.975586e-01
9.975586e-01
9.975586e-01
9.975586e-01
9.975586e-01
9.978027e-01
9.978027e-01
9.978027e-01
9.978027e-01
9.975586e-01
9.975586e-01
9.978027e-01
9.978027e-01
9.978027e-01
9.978027e-01
9.978027e-01
9.980469e-01
9.980469e-01
9.980469e-01
9.980469e-01
9.978027e-01
9.978027e-01
9.980469e-01
9.980469e-01
9.980469e-01
9.980469e-01
9.980469e-01
9.982910e-01
9.982910e-01
9.982910e-01
9.982910e-01
9.982910e-01
9.980469e-01
9.982910e-01
9.982910e-01
9.982910e-01
9.982910e-01
9.982910e-01
9.985352e-01
9.985352e-01
9.985352e-01
9.985352e-01
9.985352e-01
9.963379e-01
9.960938e-01
9.960938e-01
9.960938e-01
9.960938e-01
9.960938e-01
9.960938e-01
9.960938e-01
9.960938e-01
9.960938e-01
9.960938e-01
9.960938e-01
9.960938e-01
9.960938e-01
9.963379e-01
9.963379e-01
9.963379e-01
9.963379e-01
9.963379e-01
9.963379e-01
9.963379e-01
9.963379e-01
9.963379e-01
9.963379e-01
9.963379e-01
9.963379e-01
9.963379e-01
9.965820e-01
9.965820e-01
9.963379e-01
9.963379e-01
9.963379e-01
9.963379e-01
9.963379e-01
9.963379e-01
9.963379e-01
9.963379e-01
9.963379e-01
9.963379e-01
9.963379e-01
9.963379e-01
9.965820e-01
9.965820e-01
9.965820e-01
9.965820e-01
9.965820e-01
9.965820e-01
9.965820e-01
9.965820e-01
9.965820e-01
9.965820e-01
9.965820e-01
9.946289e-01
9.946289e-01
9.948730e-01
9.948730e-01
9.948730e-01
9.948730e-01
9.948730e-01
9.948730e-01
9.948730e-01
9.948730e-01
9.948730e-01
9.948730e-01
9.948730e-01
9.948730e-01
9.948730e-01
9.948730e-01
9.951172e-01
9.951172e-01
9.951172e-01
9.951172e-01
9.951172e-01
9.951172e-01
9.951172e-01
9.951172e-01
9.951172e-01
9.948730e-01
9.948730e-01
9.948730e-01
9.948730e-01
9.951172e-01
9.951172e-01
9.951172e-01
9.951172e-01
9.951172e-01
9.951172e-01
9.951172e-01
9.951172e-01
9.951172e-01
9.951172e-01
9.951172e-01
9.951172e-01
9.951172e-01
9.951172e-01
9.953613e-01
9.953613e-01
9.953613e-01
9.953613e-01
9.953613e-01
9.953613e-01
9.953613e-01
9.953613e-01
9.951172e-01
9.951172e-01
9.951172e-01
9.951172e-01
9.951172e-01
9.953613e-01
9.953613e-01
9.953613e-01
9.953613e-01
9.953613e-01
9.953613e-01
9.953613e-01
9.953613e-01
9.953613e-01
9.953613e-01
9.953613e-01
9.953613e-01
9.953613e-01
9.953613e-01
9.956055e-01
9.956055e-01
9.956055e-01
9.956055e-01
9.956055e-01
9.956055e-01
9.956055e-01
9.953613e-01
9.953613e-01
9.953613e-01
9.953613e-01
9.953613e-01
9.953613e-01
9.956055e-01
9.956055e-01
9.956055e-01
9.956055e-01
9.956055e-01
9.956055e-01
9.956055e-01
9.956055e-01
9.956055e-01
9.956055e-01
9.956055e-01
9.956055e-01
9.956055e-01
9.956055e-01
9.958496e-01
9.958496e-01
9.958496e-01
9.958496e-01
9.958496e-01
9.956055e-01
9.956055e-01
9.956055e-01
9.956055e-01
9.956055e-01
9.956055e-01
9.956055e-01
9.956055e-01
9.958496e-01
9.958496e-01
9.958496e-01
9.958496e-01
9.958496e-01
9.958496e-01
9.958496e-01
9.958496e-01
9.958496e-01
9.958496e-01
9.958496e-01
9.958496e-01
9.958496e-01
9.958496e-01
9.960938e-01
9.960938e-01
9.960938e-01
9.960938e-01
9.958496e-01
9.958496e-01
9.958496e-01
9.958496e-01
9.958496e-01
9.958496e-01
9.958496e-01
9.958496e-01
9.958496e-01
9.960938e-01
9.960938e-01
9.960938e-01
9.960938e-01
9.960938e-01
9.960938e-01
9.960938e-01
9.960938e-01
9.960938e-01
9.960938e-01
9.960938e-01
9.960938e-01
9.960938e-01
9.960938e-01
9.963379e-01
9.963379e-01
9.960938e-01
9.960938e-01
9.960938e-01
9.960938e-01
9.960938e-01
9.960938e-01
9.960938e-01
9.960938e-01
9.960938e-01
9.960938e-01
9.960938e-01
9.963379e-01
9.963379e-01
9.963379e-01
9.963379e-01
9.963379e-01
9.963379e-01
9.963379e-01
9.963379e-01
9.963379e-01
9.963379e-01
9.963379e-01
9.963379e-01
9.963379e-01
9.963379e-01
9.965820e-01
9.963379e-01
9.963379e-01
9.963379e-01
9.963379e-01
9.963379e-01
9.963379e-01
9.963379e-01
9.963379e-01
9.963379e-01
9.963379e-01
9.963379e-01
9.963379e-01
9.965820e-01
9.965820e-01
9.965820e-01
9.965820e-01
9.965820e-01
9.965820e-01
9.965820e-01
9.965820e-01
9.965820e-01
9.965820e-01
9.965820e-01
9.965820e-01
9.965820e-01
