3.906250e-03
3.906250e-03
3.906250e-03
3.906250e-03
3.906250e-03
3.906250e-03
3.906250e-03
3.906250e-03
3.906250e-03
3.906250e-03
3.906250e-03
3.906250e-03
3.906250e-03
3.906250e-03
3.906250e-03
3.906250e-03
3.906250e-03
3.906250e-03
3.906250e-03
3.906250e-03
3.906250e-03
3.906250e-03
3.906250e-03
3.906250e-03
3.906250e-03
3.906250e-03
3.906250e-03
3.906250e-03
3.906250e-03
3.906250e-03
3.906250e-03
3.906250e-03
3.906250e-03
3.906250e-03
3.906250e-03
3.906250e-03
3.906250e-03
3.906250e-03
3.906250e-03
3.906250e-03
3.906250e-03
3.906250e-03
3.906250e-03
3.906250e-03
3.906250e-03
3.906250e-03
3.906250e-03
3.906250e-03
7.812500e-03
7.812500e-03
7.812500e-03
7.812500e-03
7.812500e-03
1.171875e-02
1.171875e-02
1.171875e-02
1.171875e-02
1.171875e-02
1.171875e-02
1.562500e-02
1.562500e-02
1.562500e-02
1.562500e-02
1.562500e-02
1.562500e-02
1.562500e-02
1.562500e-02
1.953125e-02
1.953125e-02
2.343750e-02
2.343750e-02
2.734375e-02
2.734375e-02
3.125000e-02
3.125000e-02
3.515625e-02
3.515625e-02
3.906250e-02
3.906250e-02
4.296875e-02
4.687500e-02
5.078125e-02
5.468750e-02
5.859375e-02
6.250000e-02
6.640625e-02
7.421875e-02
7.812500e-02
8.203125e-02
8.593750e-02
8.984375e-02
9.375000e-02
9.765625e-02
1.054688e-01
1.093750e-01
1.132812e-01
1.171875e-01
1.250000e-01
1.367188e-01
1.445312e-01
1.562500e-01
1.640625e-01
1.718750e-01
1.835938e-01
1.914062e-01
2.031250e-01
2.109375e-01
2.187500e-01
2.304688e-01
2.382812e-01
2.460938e-01
2.578125e-01
2.695312e-01
2.812500e-01
2.968750e-01
3.125000e-01
3.242188e-01
3.398438e-01
3.554688e-01
3.671875e-01
3.828125e-01
3.984375e-01
4.101562e-01
4.257812e-01
4.414062e-01
4.531250e-01
4.687500e-01
4.843750e-01
5.000000e-01
5.117188e-01
5.273438e-01
5.429688e-01
5.546875e-01
5.703125e-01
5.859375e-01
5.976562e-01
6.132812e-01
6.289062e-01
6.406250e-01
6.562500e-01
6.718750e-01
6.835938e-01
6.992188e-01
7.148438e-01
7.265625e-01
7.343750e-01
7.460938e-01
7.539062e-01
7.617188e-01
7.734375e-01
7.812500e-01
7.890625e-01
8.007812e-01
8.085938e-01
8.203125e-01
8.281250e-01
8.359375e-01
8.476562e-01
8.554688e-01
8.671875e-01
8.750000e-01
8.789062e-01
8.828125e-01
8.867188e-01
8.945312e-01
8.984375e-01
9.023438e-01
9.062500e-01
9.101562e-01
9.140625e-01
9.179688e-01
9.257812e-01
9.296875e-01
9.335938e-01
9.375000e-01
9.414062e-01
9.492188e-01
9.492188e-01
9.531250e-01
9.531250e-01
9.570312e-01
9.570312e-01
9.609375e-01
9.609375e-01
9.648438e-01
9.648438e-01
9.687500e-01
9.687500e-01
9.726562e-01
9.726562e-01
9.765625e-01
9.765625e-01
9.765625e-01
9.765625e-01
9.765625e-01
9.765625e-01
9.765625e-01
9.765625e-01
9.804688e-01
9.804688e-01
9.804688e-01
9.804688e-01
9.804688e-01
9.804688e-01
9.843750e-01
9.843750e-01
9.843750e-01
9.843750e-01
9.882812e-01
9.882812e-01
9.882812e-01
9.882812e-01
9.882812e-01
9.882812e-01
9.882812e-01
9.882812e-01
9.882812e-01
9.882812e-01
9.882812e-01
9.882812e-01
9.882812e-01
9.882812e-01
9.882812e-01
9.882812e-01
9.882812e-01
9.882812e-01
9.882812e-01
9.882812e-01
9.882812e-01
9.882812e-01
9.882812e-01
9.882812e-01
9.882812e-01
9.882812e-01
9.882812e-01
9.882812e-01
9.882812e-01
9.882812e-01
9.882812e-01
9.882812e-01
9.921875e-01
9.921875e-01
9.921875e-01
9.921875e-01
9.921875e-01
9.921875e-01
9.921875e-01
9.921875e-01
9.921875e-01
9.921875e-01
9.921875e-01
9.921875e-01
9.921875e-01
9.921875e-01
9.921875e-01
9.921875e-01
