0.000000e+00
5.546875e-01
6.132812e-01
6.718750e-01
7.265625e-01
7.617188e-01
8.007812e-01
8.359375e-01
8.750000e-01
8.945312e-01
9.101562e-01
9.296875e-01
9.492188e-01
9.570312e-01
9.648438e-01
9.726562e-01
9.765625e-01
9.765625e-01
9.804688e-01
9.843750e-01
9.882812e-01
9.882812e-01
9.882812e-01
9.882812e-01
9.882812e-01
9.882812e-01
9.882812e-01
9.882812e-01
9.921875e-01
9.921875e-01
9.921875e-01
9.921875e-01
3.906250e-03
3.906250e-03
3.906250e-03
3.906250e-03
3.906250e-03
3.906250e-03
3.906250e-03
3.906250e-03
3.906250e-03
3.906250e-03
3.906250e-03
3.906250e-03
7.812500e-03
7.812500e-03
1.171875e-02
1.562500e-02
1.562500e-02
1.953125e-02
2.734375e-02
3.515625e-02
4.687500e-02
6.250000e-02
8.203125e-02
9.765625e-02
1.171875e-01
1.562500e-01
1.914062e-01
2.304688e-01
2.695312e-01
3.242188e-01
3.828125e-01
4.414062e-01
5.000000e-01
5.546875e-01
6.132812e-01
6.718750e-01
7.265625e-01
7.617188e-01
8.007812e-01
8.359375e-01
8.750000e-01
8.945312e-01
9.101562e-01
9.296875e-01
9.492188e-01
9.570312e-01
9.648438e-01
9.726562e-01
9.765625e-01
9.765625e-01
9.804688e-01
